	571201    676146
    577084    679116
    581673    683608
    601290    698926
    578671    667073
    567871    657345
    570850    670498
    562037    655326
    575516    679979
    578609    680651
    585972    690178
    591686    682467
    578240    673365
    576579    670748
    582893    667871
    578996    671787
    576856    664170
    574764    668567
    577236    673716
    577233    662789
    574030    663702
    577038    663643
    581313    653628
    573156    654384
    580981    643935
    581154    661516